4.160000000000000000e+02
4.430000000000000000e+02
4.540000000000000000e+02
4.960000000000000000e+02
5.030000000000000000e+02
5.100000000000000000e+02
5.160000000000000000e+02
5.420000000000000000e+02
5.500000000000000000e+02
5.690000000000000000e+02
5.800000000000000000e+02
5.870000000000000000e+02
5.950000000000000000e+02
6.110000000000000000e+02
6.220000000000000000e+02
6.310000000000000000e+02
6.390000000000000000e+02
6.450000000000000000e+02
6.520000000000000000e+02
6.580000000000000000e+02
6.650000000000000000e+02
6.720000000000000000e+02
6.780000000000000000e+02
6.840000000000000000e+02
6.990000000000000000e+02
7.090000000000000000e+02
7.370000000000000000e+02
7.620000000000000000e+02
7.800000000000000000e+02
7.900000000000000000e+02
7.960000000000000000e+02
8.010000000000000000e+02
8.130000000000000000e+02
8.170000000000000000e+02
8.240000000000000000e+02
8.520000000000000000e+02
8.590000000000000000e+02
8.630000000000000000e+02
8.980000000000000000e+02
9.040000000000000000e+02
9.110000000000000000e+02
9.180000000000000000e+02
9.250000000000000000e+02
9.510000000000000000e+02
9.580000000000000000e+02
9.770000000000000000e+02
9.880000000000000000e+02
9.950000000000000000e+02
1.004000000000000000e+03
1.019000000000000000e+03
1.030000000000000000e+03
1.039000000000000000e+03
1.048000000000000000e+03
1.054000000000000000e+03
1.060000000000000000e+03
1.067000000000000000e+03
1.074000000000000000e+03
1.081000000000000000e+03
1.086000000000000000e+03
1.092000000000000000e+03
1.107000000000000000e+03
1.112000000000000000e+03
1.117000000000000000e+03
1.146000000000000000e+03
1.170000000000000000e+03
1.188000000000000000e+03
1.199000000000000000e+03
1.204000000000000000e+03
1.216000000000000000e+03
1.226000000000000000e+03
1.239000000000000000e+03
1.260000000000000000e+03
1.272000000000000000e+03
1.279000000000000000e+03
1.289000000000000000e+03
1.305000000000000000e+03
1.311000000000000000e+03
1.318000000000000000e+03
1.324000000000000000e+03
1.333000000000000000e+03
1.345000000000000000e+03
1.349000000000000000e+03
1.353000000000000000e+03
1.358000000000000000e+03
1.366000000000000000e+03
1.376000000000000000e+03
1.393000000000000000e+03
1.397000000000000000e+03
1.413000000000000000e+03
1.422000000000000000e+03
1.429000000000000000e+03
1.434000000000000000e+03
1.450000000000000000e+03
1.455000000000000000e+03
1.461000000000000000e+03
1.480000000000000000e+03
1.490000000000000000e+03
1.499000000000000000e+03
1.503000000000000000e+03
1.508000000000000000e+03
1.519000000000000000e+03
1.526000000000000000e+03
1.558000000000000000e+03
1.583000000000000000e+03
1.599000000000000000e+03
1.603000000000000000e+03
1.626000000000000000e+03
1.633000000000000000e+03
1.638000000000000000e+03
1.660000000000000000e+03
1.668000000000000000e+03
1.691000000000000000e+03
1.697000000000000000e+03
1.708000000000000000e+03
1.712000000000000000e+03
1.720000000000000000e+03
1.727000000000000000e+03
1.735000000000000000e+03
1.740000000000000000e+03
1.756000000000000000e+03
1.761000000000000000e+03
1.768000000000000000e+03
1.774000000000000000e+03
1.781000000000000000e+03
1.793000000000000000e+03
1.796000000000000000e+03
1.808000000000000000e+03
1.826000000000000000e+03
1.832000000000000000e+03
1.842000000000000000e+03
1.849000000000000000e+03
1.853000000000000000e+03
1.865000000000000000e+03
1.877000000000000000e+03
1.882000000000000000e+03
1.894000000000000000e+03
1.901000000000000000e+03
1.908000000000000000e+03
1.919000000000000000e+03
1.929000000000000000e+03
1.932000000000000000e+03
1.939000000000000000e+03
1.963000000000000000e+03
1.967000000000000000e+03
1.985000000000000000e+03
2.005000000000000000e+03
2.038000000000000000e+03
2.048000000000000000e+03
2.077000000000000000e+03
2.088000000000000000e+03
2.123000000000000000e+03
2.129000000000000000e+03
2.136000000000000000e+03
2.143000000000000000e+03
2.150000000000000000e+03
2.176000000000000000e+03
2.183000000000000000e+03
2.202000000000000000e+03
2.213000000000000000e+03
2.221000000000000000e+03
2.229000000000000000e+03
2.244000000000000000e+03
2.255000000000000000e+03
2.264000000000000000e+03
2.273000000000000000e+03
2.279000000000000000e+03
2.285000000000000000e+03
2.292000000000000000e+03
2.299000000000000000e+03
2.306000000000000000e+03
2.311000000000000000e+03
2.317000000000000000e+03
2.333000000000000000e+03
2.337000000000000000e+03
2.342000000000000000e+03
2.371000000000000000e+03
2.396000000000000000e+03
2.413000000000000000e+03
2.424000000000000000e+03
2.429000000000000000e+03
2.436000000000000000e+03
2.446000000000000000e+03
2.450000000000000000e+03
2.458000000000000000e+03
2.485000000000000000e+03
2.497000000000000000e+03
2.538000000000000000e+03
2.545000000000000000e+03
2.552000000000000000e+03
2.558000000000000000e+03
2.584000000000000000e+03
2.591000000000000000e+03
2.611000000000000000e+03
2.622000000000000000e+03
2.629000000000000000e+03
2.637000000000000000e+03
2.653000000000000000e+03
2.663000000000000000e+03
2.672000000000000000e+03
2.681000000000000000e+03
2.687000000000000000e+03
2.693000000000000000e+03
2.700000000000000000e+03
2.707000000000000000e+03
2.714000000000000000e+03
2.719000000000000000e+03
2.725000000000000000e+03
2.741000000000000000e+03
2.746000000000000000e+03
2.751000000000000000e+03
2.779000000000000000e+03
2.804000000000000000e+03
2.822000000000000000e+03
2.832000000000000000e+03
2.837000000000000000e+03
2.852000000000000000e+03
2.859000000000000000e+03
2.872000000000000000e+03
2.878000000000000000e+03
2.893000000000000000e+03
2.905000000000000000e+03
2.912000000000000000e+03
2.922000000000000000e+03
2.938000000000000000e+03
2.944000000000000000e+03
2.951000000000000000e+03
2.958000000000000000e+03
2.966000000000000000e+03
2.978000000000000000e+03
2.983000000000000000e+03
2.987000000000000000e+03
2.992000000000000000e+03
3.000000000000000000e+03
3.010000000000000000e+03
3.026000000000000000e+03
3.030000000000000000e+03
3.047000000000000000e+03
3.056000000000000000e+03
3.062000000000000000e+03
3.068000000000000000e+03
3.083000000000000000e+03
3.089000000000000000e+03
3.095000000000000000e+03
3.114000000000000000e+03
3.123000000000000000e+03
3.137000000000000000e+03
3.141000000000000000e+03
3.153000000000000000e+03
3.160000000000000000e+03
3.191000000000000000e+03
3.217000000000000000e+03
3.234000000000000000e+03
3.241000000000000000e+03
3.245000000000000000e+03
3.253000000000000000e+03
3.265000000000000000e+03
3.273000000000000000e+03
3.279000000000000000e+03
3.292000000000000000e+03
3.301000000000000000e+03
3.312000000000000000e+03
3.317000000000000000e+03
3.347000000000000000e+03
3.354000000000000000e+03
3.361000000000000000e+03
3.368000000000000000e+03
3.374000000000000000e+03
3.401000000000000000e+03
3.408000000000000000e+03
3.412000000000000000e+03
3.415000000000000000e+03
3.428000000000000000e+03
3.438000000000000000e+03
3.445000000000000000e+03
3.454000000000000000e+03
3.463000000000000000e+03
3.467000000000000000e+03
3.477000000000000000e+03
3.481000000000000000e+03
3.489000000000000000e+03
3.497000000000000000e+03
3.506000000000000000e+03
3.516000000000000000e+03
3.524000000000000000e+03
3.531000000000000000e+03
3.537000000000000000e+03
3.542000000000000000e+03
3.548000000000000000e+03
3.555000000000000000e+03
3.558000000000000000e+03
3.562000000000000000e+03
3.567000000000000000e+03
3.589000000000000000e+03
3.596000000000000000e+03
3.606000000000000000e+03
3.620000000000000000e+03
3.638000000000000000e+03
3.649000000000000000e+03
3.654000000000000000e+03
3.661000000000000000e+03
3.671000000000000000e+03
3.675000000000000000e+03
3.683000000000000000e+03
3.710000000000000000e+03
3.721000000000000000e+03
3.763000000000000000e+03
3.770000000000000000e+03
3.776000000000000000e+03
3.783000000000000000e+03
3.809000000000000000e+03
3.816000000000000000e+03
3.835000000000000000e+03
3.846000000000000000e+03
3.854000000000000000e+03
3.862000000000000000e+03
3.878000000000000000e+03
3.888000000000000000e+03
3.898000000000000000e+03
3.906000000000000000e+03
3.912000000000000000e+03
3.918000000000000000e+03
3.925000000000000000e+03
3.932000000000000000e+03
3.939000000000000000e+03
3.944000000000000000e+03
3.950000000000000000e+03
3.966000000000000000e+03
3.971000000000000000e+03
4.004000000000000000e+03
4.029000000000000000e+03
4.047000000000000000e+03
4.057000000000000000e+03
4.062000000000000000e+03
4.069000000000000000e+03
4.080000000000000000e+03
4.083000000000000000e+03
4.091000000000000000e+03
4.118000000000000000e+03
4.130000000000000000e+03
4.171000000000000000e+03
4.178000000000000000e+03
4.185000000000000000e+03
4.191000000000000000e+03
4.217000000000000000e+03
4.225000000000000000e+03
4.231000000000000000e+03
4.244000000000000000e+03
4.255000000000000000e+03
4.262000000000000000e+03
4.271000000000000000e+03
4.286000000000000000e+03
4.297000000000000000e+03
4.306000000000000000e+03
4.314000000000000000e+03
4.320000000000000000e+03
4.327000000000000000e+03
4.334000000000000000e+03
4.340000000000000000e+03
4.347000000000000000e+03
4.353000000000000000e+03
4.358000000000000000e+03
4.374000000000000000e+03
4.379000000000000000e+03
4.384000000000000000e+03
4.412000000000000000e+03
4.437000000000000000e+03
4.455000000000000000e+03
4.465000000000000000e+03
4.471000000000000000e+03
4.485000000000000000e+03
4.493000000000000000e+03
4.505000000000000000e+03
4.512000000000000000e+03
4.526000000000000000e+03
4.539000000000000000e+03
4.545000000000000000e+03
4.550000000000000000e+03
4.555000000000000000e+03
4.571000000000000000e+03
4.577000000000000000e+03
4.585000000000000000e+03
4.591000000000000000e+03
4.600000000000000000e+03
4.611000000000000000e+03
4.616000000000000000e+03
4.620000000000000000e+03
4.625000000000000000e+03
4.633000000000000000e+03
4.643000000000000000e+03
4.659000000000000000e+03
4.664000000000000000e+03
4.680000000000000000e+03
4.689000000000000000e+03
4.695000000000000000e+03
4.701000000000000000e+03
4.717000000000000000e+03
4.722000000000000000e+03
4.728000000000000000e+03
4.747000000000000000e+03
4.757000000000000000e+03
4.770000000000000000e+03
4.775000000000000000e+03
4.786000000000000000e+03
4.793000000000000000e+03
