3.710000000000000000e+02
4.170000000000000000e+02
4.520000000000000000e+02
4.760000000000000000e+02
4.980000000000000000e+02
5.050000000000000000e+02
5.130000000000000000e+02
5.400000000000000000e+02
5.470000000000000000e+02
5.580000000000000000e+02
5.780000000000000000e+02
5.840000000000000000e+02
5.930000000000000000e+02
6.060000000000000000e+02
6.160000000000000000e+02
6.290000000000000000e+02
6.360000000000000000e+02
6.410000000000000000e+02
6.480000000000000000e+02
6.540000000000000000e+02
6.610000000000000000e+02
6.680000000000000000e+02
6.740000000000000000e+02
6.810000000000000000e+02
6.940000000000000000e+02
7.080000000000000000e+02
7.300000000000000000e+02
7.480000000000000000e+02
7.660000000000000000e+02
7.870000000000000000e+02
7.930000000000000000e+02
8.000000000000000000e+02
8.050000000000000000e+02
8.150000000000000000e+02
8.180000000000000000e+02
8.250000000000000000e+02
8.580000000000000000e+02
8.600000000000000000e+02
8.840000000000000000e+02
8.990000000000000000e+02
9.060000000000000000e+02
9.130000000000000000e+02
9.210000000000000000e+02
9.490000000000000000e+02
9.550000000000000000e+02
9.670000000000000000e+02
9.860000000000000000e+02
9.920000000000000000e+02
1.002000000000000000e+03
1.014000000000000000e+03
1.025000000000000000e+03
1.038000000000000000e+03
1.045000000000000000e+03
1.049000000000000000e+03
1.056000000000000000e+03
1.062000000000000000e+03
1.069000000000000000e+03
1.076000000000000000e+03
1.083000000000000000e+03
1.089000000000000000e+03
1.102000000000000000e+03
1.111000000000000000e+03
1.116000000000000000e+03
1.138000000000000000e+03
1.155000000000000000e+03
1.174000000000000000e+03
1.195000000000000000e+03
1.201000000000000000e+03
1.212000000000000000e+03
1.217000000000000000e+03
1.229000000000000000e+03
1.240000000000000000e+03
1.262000000000000000e+03
1.276000000000000000e+03
1.285000000000000000e+03
1.297000000000000000e+03
1.308000000000000000e+03
1.314000000000000000e+03
1.322000000000000000e+03
1.330000000000000000e+03
1.342000000000000000e+03
1.347000000000000000e+03
1.351000000000000000e+03
1.356000000000000000e+03
1.362000000000000000e+03
1.374000000000000000e+03
1.383000000000000000e+03
1.395000000000000000e+03
1.409000000000000000e+03
1.419000000000000000e+03
1.424000000000000000e+03
1.431000000000000000e+03
1.443000000000000000e+03
1.453000000000000000e+03
1.460000000000000000e+03
1.470000000000000000e+03
1.488000000000000000e+03
1.498000000000000000e+03
1.502000000000000000e+03
1.505000000000000000e+03
1.512000000000000000e+03
1.523000000000000000e+03
1.529000000000000000e+03
1.570000000000000000e+03
1.595000000000000000e+03
1.601000000000000000e+03
1.623000000000000000e+03
1.631000000000000000e+03
1.634000000000000000e+03
1.641000000000000000e+03
1.664000000000000000e+03
1.670000000000000000e+03
1.693000000000000000e+03
1.703000000000000000e+03
1.709000000000000000e+03
1.716000000000000000e+03
1.723000000000000000e+03
1.731000000000000000e+03
1.737000000000000000e+03
1.753000000000000000e+03
1.760000000000000000e+03
1.766000000000000000e+03
1.770000000000000000e+03
1.778000000000000000e+03
1.792000000000000000e+03
1.795000000000000000e+03
1.798000000000000000e+03
1.821000000000000000e+03
1.829000000000000000e+03
1.834000000000000000e+03
1.845000000000000000e+03
1.850000000000000000e+03
1.860000000000000000e+03
1.868000000000000000e+03
1.880000000000000000e+03
1.887000000000000000e+03
1.899000000000000000e+03
1.903000000000000000e+03
1.913000000000000000e+03
1.924000000000000000e+03
1.931000000000000000e+03
1.936000000000000000e+03
1.944000000000000000e+03
1.966000000000000000e+03
1.974000000000000000e+03
1.994000000000000000e+03
2.033000000000000000e+03
2.039000000000000000e+03
2.052000000000000000e+03
2.084000000000000000e+03
2.108000000000000000e+03
2.124000000000000000e+03
2.131000000000000000e+03
2.138000000000000000e+03
2.146000000000000000e+03
2.174000000000000000e+03
2.180000000000000000e+03
2.192000000000000000e+03
2.211000000000000000e+03
2.217000000000000000e+03
2.227000000000000000e+03
2.239000000000000000e+03
2.250000000000000000e+03
2.263000000000000000e+03
2.270000000000000000e+03
2.274000000000000000e+03
2.281000000000000000e+03
2.287000000000000000e+03
2.294000000000000000e+03
2.301000000000000000e+03
2.308000000000000000e+03
2.314000000000000000e+03
2.328000000000000000e+03
2.336000000000000000e+03
2.341000000000000000e+03
2.363000000000000000e+03
2.381000000000000000e+03
2.399000000000000000e+03
2.421000000000000000e+03
2.426000000000000000e+03
2.433000000000000000e+03
2.439000000000000000e+03
2.448000000000000000e+03
2.451000000000000000e+03
2.459000000000000000e+03
2.492000000000000000e+03
2.517000000000000000e+03
2.540000000000000000e+03
2.547000000000000000e+03
2.555000000000000000e+03
2.582000000000000000e+03
2.589000000000000000e+03
2.600000000000000000e+03
2.619000000000000000e+03
2.625000000000000000e+03
2.635000000000000000e+03
2.647000000000000000e+03
2.658000000000000000e+03
2.671000000000000000e+03
2.677000000000000000e+03
2.683000000000000000e+03
2.689000000000000000e+03
2.696000000000000000e+03
2.702000000000000000e+03
2.709000000000000000e+03
2.716000000000000000e+03
2.723000000000000000e+03
2.735000000000000000e+03
2.745000000000000000e+03
2.749000000000000000e+03
2.772000000000000000e+03
2.788000000000000000e+03
2.807000000000000000e+03
2.829000000000000000e+03
2.835000000000000000e+03
2.846000000000000000e+03
2.853000000000000000e+03
2.862000000000000000e+03
2.873000000000000000e+03
2.880000000000000000e+03
2.896000000000000000e+03
2.910000000000000000e+03
2.919000000000000000e+03
2.930000000000000000e+03
2.941000000000000000e+03
2.947000000000000000e+03
2.955000000000000000e+03
2.963000000000000000e+03
2.975000000000000000e+03
2.981000000000000000e+03
2.984000000000000000e+03
2.989000000000000000e+03
2.995000000000000000e+03
3.009000000000000000e+03
3.016000000000000000e+03
3.028000000000000000e+03
3.042000000000000000e+03
3.053000000000000000e+03
3.058000000000000000e+03
3.064000000000000000e+03
3.077000000000000000e+03
3.086000000000000000e+03
3.094000000000000000e+03
3.104000000000000000e+03
3.122000000000000000e+03
3.135000000000000000e+03
3.139000000000000000e+03
3.146000000000000000e+03
3.157000000000000000e+03
3.162000000000000000e+03
3.203000000000000000e+03
3.232000000000000000e+03
3.240000000000000000e+03
3.243000000000000000e+03
3.247000000000000000e+03
3.256000000000000000e+03
3.271000000000000000e+03
3.276000000000000000e+03
3.282000000000000000e+03
3.295000000000000000e+03
3.308000000000000000e+03
3.315000000000000000e+03
3.333000000000000000e+03
3.349000000000000000e+03
3.356000000000000000e+03
3.364000000000000000e+03
3.371000000000000000e+03
3.399000000000000000e+03
3.405000000000000000e+03
3.411000000000000000e+03
3.413000000000000000e+03
3.417000000000000000e+03
3.436000000000000000e+03
3.441000000000000000e+03
3.451000000000000000e+03
3.462000000000000000e+03
3.465000000000000000e+03
3.474000000000000000e+03
3.478000000000000000e+03
3.488000000000000000e+03
3.493000000000000000e+03
3.499000000000000000e+03
3.512000000000000000e+03
3.519000000000000000e+03
3.526000000000000000e+03
3.533000000000000000e+03
3.539000000000000000e+03
3.547000000000000000e+03
3.554000000000000000e+03
3.556000000000000000e+03
3.561000000000000000e+03
3.566000000000000000e+03
3.586000000000000000e+03
3.593000000000000000e+03
3.605000000000000000e+03
3.607000000000000000e+03
3.624000000000000000e+03
3.646000000000000000e+03
3.651000000000000000e+03
3.658000000000000000e+03
3.664000000000000000e+03
3.672000000000000000e+03
3.676000000000000000e+03
3.684000000000000000e+03
3.716000000000000000e+03
3.742000000000000000e+03
3.765000000000000000e+03
3.772000000000000000e+03
3.780000000000000000e+03
3.807000000000000000e+03
3.814000000000000000e+03
3.825000000000000000e+03
3.844000000000000000e+03
3.850000000000000000e+03
3.860000000000000000e+03
3.872000000000000000e+03
3.883000000000000000e+03
3.896000000000000000e+03
3.903000000000000000e+03
3.907000000000000000e+03
3.914000000000000000e+03
3.920000000000000000e+03
3.927000000000000000e+03
3.934000000000000000e+03
3.941000000000000000e+03
3.948000000000000000e+03
3.963000000000000000e+03
3.969000000000000000e+03
3.996000000000000000e+03
4.014000000000000000e+03
4.033000000000000000e+03
4.054000000000000000e+03
4.060000000000000000e+03
4.067000000000000000e+03
4.072000000000000000e+03
4.082000000000000000e+03
4.084000000000000000e+03
4.093000000000000000e+03
4.127000000000000000e+03
4.150000000000000000e+03
4.173000000000000000e+03
4.180000000000000000e+03
4.188000000000000000e+03
4.216000000000000000e+03
4.222000000000000000e+03
4.230000000000000000e+03
4.233000000000000000e+03
4.253000000000000000e+03
4.258000000000000000e+03
4.268000000000000000e+03
4.281000000000000000e+03
4.291000000000000000e+03
4.304000000000000000e+03
4.311000000000000000e+03
4.316000000000000000e+03
4.323000000000000000e+03
4.329000000000000000e+03
4.336000000000000000e+03
4.342000000000000000e+03
4.349000000000000000e+03
4.356000000000000000e+03
4.369000000000000000e+03
4.378000000000000000e+03
4.383000000000000000e+03
4.405000000000000000e+03
4.422000000000000000e+03
4.441000000000000000e+03
4.462000000000000000e+03
4.468000000000000000e+03
4.479000000000000000e+03
4.487000000000000000e+03
4.495000000000000000e+03
4.508000000000000000e+03
4.513000000000000000e+03
4.529000000000000000e+03
4.541000000000000000e+03
4.548000000000000000e+03
4.552000000000000000e+03
4.563000000000000000e+03
4.574000000000000000e+03
4.581000000000000000e+03
4.589000000000000000e+03
4.596000000000000000e+03
4.609000000000000000e+03
4.613000000000000000e+03
4.618000000000000000e+03
4.622000000000000000e+03
4.628000000000000000e+03
4.641000000000000000e+03
4.649000000000000000e+03
4.662000000000000000e+03
4.675000000000000000e+03
4.686000000000000000e+03
4.691000000000000000e+03
4.698000000000000000e+03
4.710000000000000000e+03
4.720000000000000000e+03
4.727000000000000000e+03
4.737000000000000000e+03
4.755000000000000000e+03
4.768000000000000000e+03
4.771000000000000000e+03
4.781000000000000000e+03
4.790000000000000000e+03
